good/(1).jpg 1 17 113 596 199
good/(10).jpg 1 0 111 167 130
good/(100).jpg 1 15 121 115 68
good/(101).jpg 1 89 166 231 134
good/(102).jpg 1 105 109 288 164
good/(103).jpg 1 343 86 149 88
good/(104).jpg 1 487 102 132 81
good/(105).jpg 1 416 114 120 70
good/(106).jpg 1 388 98 142 85
good/(107).jpg 1 301 100 163 98
good/(108).jpg 1 302 86 208 126
good/(109).jpg 1 115 114 131 67
good/(11).jpg 1 350 166 279 166
good/(110).jpg 1 126 103 174 88
good/(111).jpg 1 126 104 193 101
good/(115).jpg 1 166 181 494 205
good/(112).jpg 1 98 93 253 154
good/(113).jpg 1 232 206 218 194
good/(114).jpg 1 99 224 495 204
good/(116).jpg 1 192 114 317 465
good/(117).jpg 1 456 369 816 230
good/(118).jpg 1 302 229 973 370
good/(119).jpg 1 978 217 292 384
good/(12).jpg 1 537 69 91 72
good/(120).jpg 1 0 139 664 439
good/(121).jpg 1 676 216 352 167
good/(122).jpg 1 548 162 726 440
good/(123).jpg 1 385 170 386 372
good/(124).jpg 1 264 290 347 215
good/(125).jpg 1 286 236 623 351
good/(126).jpg 1 149 241 226 189
good/(127).jpg 1 412 170 615 338
good/(128).jpg 1 834 116 426 481
good/(129).jpg 1 888 160 352 292
good/(13).jpg 1 536 71 92 72
good/(14).jpg 1 385 64 105 64
good/(15).jpg 1 537 31 92 52
good/(16).jpg 1 32 63 178 109
good/(17).jpg 1 107 102 80 58
good/(18).jpg 1 142 116 182 135
good/(19).jpg 1 125 104 207 113
good/(2).jpg 1 156 39 417 143
good/(20).jpg 1 15 80 138 76
good/(21).jpg 1 95 77 166 91
good/(22).jpg 1 354 125 113 66
good/(23).jpg 1 300 80 128 82
good/(24).jpg 1 150 100 174 113
good/(25).jpg 1 133 79 113 56
good/(26).jpg 1 174 105 325 145
good/(27).jpg 1 137 126 198 92
good/(28).jpg 1 407 59 170 108
good/(29).jpg 1 107 110 121 80
good/(3).jpg 1 0 32 211 107
good/(30).jpg 1 395 86 127 85
good/(31).jpg 1 409 76 139 99
good/(32).jpg 1 428 59 163 115
good/(33).jpg 1 329 118 164 81
good/(34).jpg 1 305 118 167 81
good/(35).jpg 1 120 59 437 178
good/(36).jpg 1 335 78 223 115
good/(37).jpg 1 379 78 231 120
good/(38).jpg 1 1 112 215 135
good/(39).jpg 1 61 104 235 149
good/(4).jpg 1 383 70 176 96
good/(40).jpg 1 94 97 266 170
good/(41).jpg 1 111 91 288 184
good/(42).jpg 1 19 101 141 92
good/(43).jpg 1 80 105 149 95
good/(44).jpg 1 157 100 164 101
good/(45).jpg 1 176 97 164 106
good/(46).jpg 1 3 90 103 59
good/(47).jpg 1 76 87 136 77
good/(48).jpg 1 410 91 144 71
good/(49).jpg 1 380 100 163 78
good/(5).jpg 1 313 112 207 135
good/(50).jpg 1 353 92 208 100
good/(51).jpg 1 329 86 226 112
good/(52).jpg 1 230 127 136 78
good/(53).jpg 1 258 125 138 84
good/(54).jpg 1 253 118 140 84
good/(55).jpg 1 59 73 119 70
good/(56).jpg 1 50 75 112 65
good/(57).jpg 1 75 81 112 69
good/(58).jpg 1 147 100 147 86
good/(59).jpg 1 142 104 196 114
good/(6).jpg 1 34 46 277 157
good/(60).jpg 1 432 110 140 86
good/(61).jpg 1 420 88 160 98
good/(62).jpg 1 426 87 165 98
good/(63).jpg 1 283 58 352 157
good/(64).jpg 1 255 63 355 161
good/(65).jpg 1 469 109 95 39
good/(66).jpg 1 454 109 94 39
good/(67).jpg 1 381 108 99 42
good/(68).jpg 1 228 111 111 51
good/(69).jpg 1 70 109 133 59
good/(7).jpg 1 346 63 202 94
good/(70).jpg 1 17 105 152 66
good/(71).jpg 1 21 106 146 65
good/(72).jpg 1 19 105 147 66
good/(73).jpg 1 264 79 338 154
good/(74).jpg 1 199 59 172 109
good/(75).jpg 1 0 137 122 137
good/(76).jpg 1 69 125 118 135
good/(77).jpg 1 115 105 116 133
good/(78).jpg 1 100 59 118 67
good/(79).jpg 1 242 191 248 113
good/(8).jpg 1 371 40 207 110
good/(80).jpg 1 110 79 141 74
good/(81).jpg 1 354 100 172 80
good/(82).jpg 1 315 86 224 103
good/(83).jpg 1 279 75 291 132
good/(84).jpg 1 304 93 181 119
good/(85).jpg 1 71 60 177 94
good/(86).jpg 1 440 143 128 88
good/(87).jpg 1 509 109 130 106
good/(88).jpg 1 444 175 51 48
good/(89).jpg 1 461 169 61 60
good/(9).jpg 1 338 33 212 119
good/(90).jpg 1 207 95 137 80
good/(91).jpg 1 353 99 154 93
good/(92).jpg 1 508 104 130 80
good/(93).jpg 1 455 116 133 78
good/(94).jpg 1 442 181 144 84
good/(95).jpg 1 361 166 196 118
good/(96).jpg 1 292 137 251 146
good/(97).jpg 1 417 58 137 74
good/(98).jpg 1 348 64 143 79
good/(99).jpg 1 342 68 150 83
good/(137).jpg 1 172 71 153 107
good/(130).jpg 1 260 121 196 230
good/(131).jpg 1 422 90 203 145
good/(132).jpg 1 543 44 119 84
good/(133).jpg 1 0 144 703 255
good/(134).jpg 1 0 0 703 399
good/(135).jpg 1 0 103 641 296
good/(136).jpg 1 88 62 138 93
good/(138).jpg 1 218 88 180 124
good/(139).jpg 1 143 47 327 220
good/(140).jpg 1 146 31 324 230
good/(141).jpg 1 104 160 40 29
good/(142).jpg 1 600 165 39 32
good/(143).jpg 1 38 78 160 109
good/(144).jpg 1 71 99 175 118
good/(145).jpg 1 127 98 173 125
good/(146).jpg 1 106 201 488 167
good/(147).jpg 1 224 195 468 162
good/(148).jpg 1 520 142 123 60
good/(149).jpg 1 428 136 171 82
good/(150).jpg 1 490 133 229 109
good/(151).jpg 1 486 184 188 88
good/(152).jpg 1 378 171 238 109
good/(153).jpg 1 380 164 272 126
good/(154).jpg 1 353 141 354 164
good/(155).jpg 1 601 89 73 72
good/(156).jpg 1 442 107 79 78
good/(157).jpg 1 351 95 90 92
good/(158).jpg 1 407 84 109 108
good/(159).jpg 1 542 108 85 86
good/(160).jpg 1 462 128 85 88
good/(161).jpg 1 420 148 102 104
good/(162).jpg 1 343 131 107 107
good/(163).jpg 1 326 132 121 122
good/(164).jpg 1 259 129 138 134
good/(165).jpg 1 231 165 65 73
good/(166).jpg 1 19 156 59 59
good/(167).jpg 1 371 141 116 64
good/(168).jpg 1 148 121 183 97
good/(169).jpg 1 44 90 230 126
good/(170).jpg 1 2 81 259 138
good/(171).jpg 1 51 94 116 116
good/(172).jpg 1 102 125 132 136
good/(173).jpg 1 183 235 304 125
good/(174).jpg 1 538 49 130 70
good/(175).jpg 1 406 69 120 67
good/(176).jpg 1 313 88 121 66
good/(177).jpg 1 221 113 123 67
good/(178).jpg 1 298 137 143 77
good/(179).jpg 1 436 139 177 94
good/(180).jpg 1 478 136 182 99
good/(181).jpg 1 393 136 183 97
good/(182).jpg 1 606 137 74 74
good/(183).jpg 1 520 136 72 71
good/(184).jpg 1 473 147 73 75
good/(185).jpg 1 524 160 96 99
good/(186).jpg 1 524 161 100 100
good/(187).jpg 1 465 158 101 104
good/(188).jpg 1 244 236 321 131
good/(189).jpg 1 88 234 342 142
good/(190).jpg 1 22 195 397 168
good/(191).jpg 1 20 127 192 99
good/(192).jpg 1 108 154 189 96
good/(193).jpg 1 156 176 185 97
good/(194).jpg 1 285 173 173 88
good/(195).jpg 1 308 238 321 147
good/(196).jpg 1 240 144 396 180
good/(197).jpg 1 273 106 397 177
good/(198).jpg 1 282 98 421 192
good/(199).jpg 1 293 205 176 92
good/(200).jpg 1 349 216 163 86
good/(201).jpg 1 503 117 64 31
good/(202).jpg 1 502 121 76 37
good/(203).jpg 1 495 123 92 42
good/(204).jpg 1 479 128 127 55
good/(205).jpg 1 477 121 160 80
good/(206).jpg 1 467 140 181 98
good/(207).jpg 1 423 148 105 61
good/(208).jpg 1 456 145 97 67
good/(209).jpg 1 362 90 134 70
good/(210).jpg 1 230 70 222 93
good/(211).jpg 1 94 44 291 127
good/(212).jpg 1 0 50 303 156
good/(213).jpg 1 514 115 164 89
good/(214).jpg 1 441 119 167 86
good/(215).jpg 1 362 129 168 86
good/(216).jpg 1 261 143 177 87
good/(217).jpg 1 187 137 171 89
good/(218).jpg 1 220 129 166 85
good/(219).jpg 1 275 130 163 83
good/(220).jpg 1 314 135 166 85
good/(221).jpg 1 322 157 167 85
good/(222).jpg 1 271 179 158 80
good/(223).jpg 1 254 165 155 77
good/(224).jpg 1 434 75 159 139
good/(225).jpg 1 462 86 122 107
good/(226).jpg 1 471 100 116 101
good/(227).jpg 1 511 101 138 119
good/(228).jpg 1 515 73 188 168
good/(229).jpg 1 496 51 127 67
good/(230).jpg 1 448 48 156 81
good/(231).jpg 1 469 64 165 86
good/(232).jpg 1 472 74 177 92
good/(233).jpg 1 527 80 174 97
good/(234).jpg 1 447 113 195 101
good/(235).jpg 1 427 128 204 104
good/(236).jpg 1 407 172 196 104
good/(237).jpg 1 310 70 393 214
good/(238).jpg 1 114 71 102 40
good/(239).jpg 1 181 50 132 57
good/(240).jpg 1 344 0 135 56
good/(241).jpg 1 386 38 142 68
good/(242).jpg 1 346 121 135 60
good/(243).jpg 1 333 128 160 72
good/(244).jpg 1 251 122 253 86
good/(245).jpg 1 437 0 266 394
good/(246).jpg 1 0 0 540 395
good/(247).jpg 1 610 138 93 66
good/(248).jpg 1 530 135 124 66
good/(249).jpg 1 420 132 123 67
good/(250).jpg 1 452 124 134 73
good/(251).jpg 1 510 126 132 71
good/(252).jpg 1 573 130 130 71
good/(253).jpg 1 415 139 128 70
good/(254).jpg 1 397 135 135 74
good/(255).jpg 1 484 137 148 79
good/(256).jpg 1 510 133 183 99
good/(257).jpg 1 536 127 167 115
good/(258).jpg 1 565 114 93 111
good/(259).jpg 1 574 107 113 133
good/(260).jpg 1 528 116 108 128
good/(261).jpg 1 560 94 143 177
good/(262).jpg 1 340 66 297 332
good/(263).jpg 1 139 2 563 396
good/(264).jpg 1 0 0 671 399
good/(265).jpg 1 0 142 49 78
good/(266).jpg 1 0 147 70 80
good/(267).jpg 1 0 149 102 88
good/(268).jpg 1 9 135 184 98
good/(269).jpg 1 9 139 185 97
good/(270).jpg 1 9 134 184 100
good/(271).jpg 1 0 129 191 103
good/(272).jpg 1 103 119 209 114
good/(273).jpg 1 256 42 176 71
good/(274).jpg 1 196 32 248 102
good/(275).jpg 1 161 51 302 122
good/(276).jpg 1 319 159 111 59
good/(277).jpg 1 201 167 143 76
good/(278).jpg 1 158 144 200 113
good/(279).jpg 1 178 133 215 117
good/(280).jpg 1 164 116 235 130
good/(281).jpg 1 409 148 79 35
good/(282).jpg 1 418 150 106 42
good/(283).jpg 1 379 154 155 60
good/(284).jpg 1 315 131 226 98
good/(285).jpg 1 201 105 328 145
good/(286).jpg 1 52 103 444 192
good/(287).jpg 1 0 145 703 254
good/(288).jpg 1 41 0 369 385
good/(289).jpg 1 184 116 107 71
good/(290).jpg 1 187 110 107 66
good/(291).jpg 1 173 118 108 82
good/(292).jpg 1 173 121 109 80
good/(293).jpg 1 168 120 113 93
good/(294).jpg 1 169 119 111 94
good/(295).jpg 1 177 111 112 102
good/(296).jpg 1 7 156 203 109
good/(297).jpg 1 77 156 199 106
good/(298).jpg 1 134 154 201 111
good/(299).jpg 1 101 140 217 117
good/(300).jpg 1 77 139 223 121
good/(301).jpg 1 562 148 141 156
good/(302).jpg 1 427 160 177 121
good/(303).jpg 1 97 173 143 100
good/(304).jpg 1 0 170 118 104
good/(305).jpg 1 149 133 117 119
good/(306).jpg 1 123 155 120 125
good/(307).jpg 1 81 184 130 134
good/(308).jpg 1 22 177 154 151
good/(309).jpg 1 0 182 143 163
good/(310).jpg 1 1 194 128 158
good/(311).jpg 1 0 159 197 153
good/(312).jpg 1 40 143 191 146
good/(313).jpg 1 85 84 184 131
good/(314).jpg 1 234 158 193 122
good/(315).jpg 1 258 154 211 131
good/(316).jpg 1 49 190 653 207
good/(317).jpg 1 71 59 274 306
good/(318).jpg 1 117 10 310 362
good/(319).jpg 1 0 151 69 80
good/(320).jpg 1 0 149 111 87
good/(321).jpg 1 0 149 170 91
good/(322).jpg 1 24 148 182 91
good/(323).jpg 1 92 146 180 91
good/(324).jpg 1 145 147 178 89
good/(325).jpg 1 144 219 296 176
good/(326).jpg 1 148 223 295 172
good/(327).jpg 1 147 224 296 170
good/(328).jpg 1 144 223 296 172
good/(329).jpg 1 8 157 111 131
good/(330).jpg 1 104 153 107 132
good/(331).jpg 1 127 135 135 171
good/(332).jpg 1 120 130 145 175
good/(333).jpg 1 551 91 149 81
good/(334).jpg 1 622 69 81 65
good/(335).jpg 1 686 54 16 43
good/(336).jpg 1 643 121 60 64
good/(337).jpg 1 573 137 129 78
good/(338).jpg 1 548 126 154 85
good/(339).jpg 1 443 126 165 84
good/(340).jpg 1 370 126 160 81
good/(341).jpg 1 309 122 174 88
good/(342).jpg 1 273 120 180 90
good/(343).jpg 1 474 33 229 264
good/(344).jpg 1 346 111 174 179
good/(345).jpg 1 258 65 73 75
good/(346).jpg 1 128 99 56 56
good/(347).jpg 1 272 10 52 56
good/(348).jpg 1 54 173 52 19
good/(349).jpg 1 518 87 45 58
good/(350).jpg 1 76 25 61 61
good/(351).jpg 1 53 11 55 20
good/(352).jpg 1 149 262 270 133
good/(353).jpg 1 177 250 268 139
good/(354).jpg 1 184 211 267 138
good/(355).jpg 1 184 211 270 140
good/(356).jpg 1 498 42 203 255
good/(357).jpg 1 412 62 254 254
good/(358).jpg 1 504 41 198 242
good/(359).jpg 1 516 37 187 242
good/(360).jpg 1 0 0 184 395
good/(361).jpg 1 0 0 183 395
good/(362).jpg 1 583 129 97 47
good/(363).jpg 1 488 125 97 46
good/(364).jpg 1 376 97 119 60
good/(365).jpg 1 230 80 136 66
good/(366).jpg 1 138 83 139 67
good/(367).jpg 1 78 95 142 66
good/(368).jpg 1 56 104 141 66
good/(369).jpg 1 143 101 137 65
good/(370).jpg 1 256 101 151 73
good/(371).jpg 1 296 86 189 90
good/(372).jpg 1 373 92 205 100
good/(373).jpg 1 421 112 209 100
good/(374).jpg 1 407 102 243 116
good/(375).jpg 1 358 87 339 158
good/(376).jpg 1 347 86 357 168
good/(377).jpg 1 346 83 357 170
good/(378).jpg 1 390 65 313 171
good/(379).jpg 1 495 71 82 68
good/(380).jpg 1 439 71 80 67
good/(381).jpg 1 382 71 79 66
good/(382).jpg 1 439 69 79 69
good/(383).jpg 1 488 59 101 83
good/(384).jpg 1 492 76 116 95
good/(385).jpg 1 452 78 138 112
good/(386).jpg 1 373 65 202 167
good/(387).jpg 1 361 62 222 183
good/(388).jpg 1 358 59 235 194
good/(389).jpg 1 217 171 197 95
good/(390).jpg 1 103 171 204 100
good/(391).jpg 1 0 157 117 114
good/(392).jpg 1 0 111 216 135
good/(393).jpg 1 290 108 274 134
good/(394).jpg 1 296 0 407 295
good/(395).jpg 1 0 0 618 393
good/(396).jpg 1 431 181 97 47
good/(397).jpg 1 420 173 122 62
good/(398).jpg 1 377 159 180 88
good/(399).jpg 1 268 132 266 134
good/(400).jpg 1 109 102 357 175
good/(401).jpg 1 33 94 243 119
good/(402).jpg 1 0 99 159 108
good/(403).jpg 1 566 109 137 80
good/(404).jpg 1 478 106 172 82
good/(405).jpg 1 425 117 163 80
good/(406).jpg 1 533 138 170 97
good/(407).jpg 1 630 145 72 107
good/(408).jpg 1 546 121 157 106
good/(409).jpg 1 453 110 250 133
good/(410).jpg 1 360 100 342 173
good/(411).jpg 1 244 71 459 244
good/(412).jpg 1 362 64 341 238
good/(413).jpg 1 244 0 459 255
good/(414).jpg 1 357 2 346 321
good/(415).jpg 1 205 1 498 314
good/(416).jpg 1 237 85 138 69
good/(417).jpg 1 215 68 138 71
good/(418).jpg 1 103 65 134 66
good/(419).jpg 1 3 68 136 65
good/(420).jpg 1 0 105 60 58
good/(421).jpg 1 0 101 118 75
good/(422).jpg 1 0 112 174 93
good/(423).jpg 1 40 110 245 121
good/(424).jpg 1 129 109 258 127
good/(425).jpg 1 90 83 341 165
good/(426).jpg 1 121 72 360 179
good/(427).jpg 1 0 77 91 119
good/(428).jpg 1 25 71 154 131
good/(429).jpg 1 34 75 175 148
good/(430).jpg 1 1 0 332 228
good/(431).jpg 1 0 0 522 248
good/(432).jpg 1 0 0 700 282
good/(433).jpg 1 0 40 304 259
good/(434).jpg 1 0 38 352 260
good/(435).jpg 1 0 71 45 48
good/(436).jpg 1 0 56 24 50
good/(437).jpg 1 624 102 79 89
good/(438).jpg 1 515 106 171 95
good/(439).jpg 1 444 111 170 94
good/(440).jpg 1 375 109 180 103
good/(441).jpg 1 380 100 206 117
good/(442).jpg 1 409 117 216 122
good/(443).jpg 1 27 92 65 34
good/(444).jpg 1 35 93 62 34
good/(445).jpg 1 390 1 313 340
good/(446).jpg 1 317 8 339 371
good/(447).jpg 1 614 112 89 79
good/(448).jpg 1 560 113 143 93
good/(449).jpg 1 500 110 191 106
good/(450).jpg 1 410 97 223 126
good/(451).jpg 1 335 88 275 154
good/(452).jpg 1 342 82 294 160
good/(453).jpg 1 271 90 259 145
good/(454).jpg 1 59 54 379 232
good/(455).jpg 1 203 77 280 176
good/(456).jpg 1 263 68 266 161
good/(457).jpg 1 446 93 225 145
good/(458).jpg 1 594 73 109 121
good/(459).jpg 1 455 43 168 60
good/(460).jpg 1 334 36 169 61
good/(461).jpg 1 222 11 165 60
good/(462).jpg 1 171 0 144 20
good/(463).jpg 1 36 347 511 52
good/(464).jpg 1 83 270 399 129
good/(465).jpg 1 123 243 341 144
good/(466).jpg 1 173 229 316 120
good/(467).jpg 1 174 224 297 120
good/(468).jpg 1 168 225 297 119
good/(469).jpg 1 1 40 264 279
good/(470).jpg 1 90 30 295 287
good/(471).jpg 1 62 0 411 359
good/(472).jpg 1 0 43 134 299
good/(473).jpg 1 79 23 332 324
good/(474).jpg 1 52 11 364 344
good/(475).jpg 1 105 185 87 63
good/(476).jpg 1 113 77 133 77
good/(477).jpg 1 230 78 126 76
good/(478).jpg 1 325 86 126 74
good/(479).jpg 1 465 86 130 76
good/(480).jpg 1 464 88 128 76
good/(481).jpg 1 298 99 127 74
good/(482).jpg 1 326 118 134 80
good/(483).jpg 1 384 130 142 85
good/(484).jpg 1 0 104 232 96
good/(485).jpg 1 0 107 144 96
good/(486).jpg 1 76 153 271 98
good/(487).jpg 1 89 156 385 141
good/(488).jpg 1 544 320 159 79
good/(489).jpg 1 335 239 330 147
good/(490).jpg 1 1 31 97 340
good/(491).jpg 1 0 34 256 337
good/(492).jpg 1 0 20 397 359
good/(493).jpg 1 0 0 584 398
good/(494).jpg 1 109 118 129 75
good/(495).jpg 1 109 119 129 73
good/(496).jpg 1 156 108 130 79
good/(497).jpg 1 116 104 129 76
good/(498).jpg 1 0 96 130 78
good/(499).jpg 1 552 53 102 60
good/(500).jpg 1 476 64 98 60
good/(501).jpg 1 442 76 108 62
good/(502).jpg 1 521 81 118 68
good/(503).jpg 1 446 116 133 77
good/(504).jpg 1 375 126 158 92
good/(505).jpg 1 369 125 168 98
good/(506).jpg 1 664 85 39 80
good/(507).jpg 1 593 94 90 85
good/(508).jpg 1 469 91 92 90
good/(509).jpg 1 446 92 93 90
good/(510).jpg 1 564 365 139 34
good/(511).jpg 1 489 333 214 66
good/(512).jpg 1 310 276 307 123
good/(513).jpg 1 216 250 301 126
good/(514).jpg 1 237 234 298 126
good/(515).jpg 1 0 53 278 258
good/(516).jpg 1 0 23 442 304
good/(517).jpg 1 655 102 47 77
good/(518).jpg 1 573 120 129 86
good/(519).jpg 1 524 128 169 86
good/(520).jpg 1 412 128 195 99
good/(521).jpg 1 379 111 246 126
good/(522).jpg 1 329 89 273 141
good/(523).jpg 1 281 67 279 144
good/(524).jpg 1 559 128 89 77
good/(525).jpg 1 521 124 91 82
good/(526).jpg 1 526 100 133 116
good/(527).jpg 1 555 75 148 156
good/(528).jpg 1 469 34 233 213
good/(529).jpg 1 370 0 334 277
good/(530).jpg 1 5 100 148 78
good/(531).jpg 1 130 98 152 77
good/(532).jpg 1 315 88 158 82
good/(533).jpg 1 376 87 156 82
good/(534).jpg 1 227 94 161 79
good/(535).jpg 1 197 87 187 97
good/(536).jpg 1 0 60 134 136
good/(537).jpg 1 0 39 186 149
good/(538).jpg 1 0 86 277 210
good/(539).jpg 1 0 75 339 257
good/(540).jpg 1 136 31 237 356
good/(541).jpg 1 84 10 232 347
good/(542).jpg 1 0 134 44 79
good/(543).jpg 1 0 135 145 93
good/(544).jpg 1 71 127 170 103
good/(545).jpg 1 90 115 204 123
good/(546).jpg 1 295 285 90 34
good/(547).jpg 1 652 21 51 34
good/(548).jpg 1 471 286 232 113
good/(549).jpg 1 342 236 324 159
good/(550).jpg 1 198 190 350 155
good/(551).jpg 1 164 189 409 177
good/(552).jpg 1 0 41 303 262
good/(553).jpg 1 0 1 554 289
good/(554).jpg 1 0 45 34 55
good/(555).jpg 1 332 128 358 126
good/(556).jpg 1 86 72 110 69
good/(557).jpg 1 104 76 117 73
good/(558).jpg 1 215 93 142 87
good/(559).jpg 1 174 96 156 98
good/(561).jpg 1 79 87 198 120
good/(562).jpg 1 135 154 74 85
good/(563).jpg 1 159 148 81 93
good/(564).jpg 1 134 176 83 100
good/(565).jpg 1 24 120 168 101
good/(566).jpg 1 29 121 166 102
good/(567).jpg 1 45 122 165 100
good/(568).jpg 1 51 121 162 101
good/(569).jpg 1 108 121 159 100
good/(570).jpg 1 133 228 405 171
good/(571).jpg 1 136 226 402 173
good/(572).jpg 1 137 224 407 175
good/(573).jpg 1 0 122 105 75
good/(574).jpg 1 68 132 117 71
good/(575).jpg 1 149 134 119 74
good/(576).jpg 1 174 114 133 86
good/(577).jpg 1 0 294 678 105
good/(578).jpg 1 68 131 89 103
good/(579).jpg 1 25 135 98 113
good/(580).jpg 1 94 146 87 102
good/(581).jpg 1 0 9 540 336
good/(582).jpg 1 0 63 657 284
good/(583).jpg 1 359 171 85 34
good/(584).jpg 1 268 163 117 42
good/(585).jpg 1 134 157 135 47
good/(586).jpg 1 591 118 112 106
good/(587).jpg 1 492 116 192 118
good/(588).jpg 1 444 104 169 108
good/(589).jpg 1 436 112 156 98
good/(590).jpg 1 657 100 46 64
good/(591).jpg 1 540 90 52 62
good/(592).jpg 1 457 82 51 61
good/(593).jpg 1 382 62 59 69
good/(594).jpg 1 295 52 65 76
good/(595).jpg 1 396 48 65 79
good/(596).jpg 1 318 172 71 26
good/(597).jpg 1 102 144 469 163
good/(598).jpg 1 0 145 401 166
good/(599).jpg 1 0 9 194 319
good/(600).jpg 1 0 77 514 269
good/(601).jpg 1 595 132 108 80
good/(602).jpg 1 452 137 138 73
good/(603).jpg 1 324 146 133 73
good/(604).jpg 1 410 157 175 95
good/(605).jpg 1 436 141 248 131
good/(606).jpg 1 625 179 69 80
good/(607).jpg 1 567 139 63 76
good/(608).jpg 1 462 175 65 79
good/(609).jpg 1 366 72 299 327
good/(610).jpg 1 28 168 162 86
good/(611).jpg 1 27 168 163 86
good/(612).jpg 1 27 145 204 110
good/(613).jpg 1 34 147 192 105
good/(614).jpg 1 48 137 210 112
good/(615).jpg 1 73 115 226 125
good/(616).jpg 1 71 114 231 124
good/(617).jpg 1 137 103 242 133
good/(618).jpg 1 144 101 242 132
good/(619).jpg 1 1 123 205 190
good/(620).jpg 1 0 137 114 181
good/(621).jpg 1 0 124 184 189
good/(622).jpg 1 0 140 98 179
good/(623).jpg 1 112 324 143 75
good/(624).jpg 1 0 334 134 65
good/(625).jpg 1 66 121 637 278
good/(626).jpg 1 62 121 641 278
good/(627).jpg 1 0 0 305 353
good/(628).jpg 1 49 0 335 349
good/(629).jpg 1 0 0 322 354
good/(630).jpg 1 61 0 327 349
good/(631).jpg 1 0 29 549 369
good/(632).jpg 1 0 31 545 367
good/(633).jpg 1 0 87 664 311
good/(634).jpg 1 0 92 622 306
good/(635).jpg 1 592 168 111 86
good/(636).jpg 1 672 163 31 73
good/(637).jpg 1 609 155 94 81
good/(638).jpg 1 563 151 140 92
good/(639).jpg 1 486 147 181 95
good/(640).jpg 1 422 139 200 109
good/(641).jpg 1 429 135 227 122
good/(642).jpg 1 648 194 55 94
good/(643).jpg 1 567 187 79 95
good/(644).jpg 1 456 178 85 106
good/(645).jpg 1 361 173 95 121
good/(646).jpg 1 254 136 184 216
good/(1000).jpg 1 156 81 350 152
good/(1001).jpg 1 368 123 335 151
good/(1002).jpg 1 332 153 356 151
good/(1003).jpg 1 585 74 117 64
good/(1004).jpg 1 425 91 126 71
good/(1005).jpg 1 294 103 133 76
good/(1006).jpg 1 586 131 80 69
good/(1007).jpg 1 498 131 94 85
good/(1008).jpg 1 365 118 141 78
good/(1009).jpg 1 342 124 162 91
good/(1010).jpg 1 301 117 181 101
good/(1011).jpg 1 159 227 399 147
good/(1012).jpg 1 159 223 399 144
good/(1013).jpg 1 138 64 109 61
good/(1014).jpg 1 247 63 104 61
good/(1015).jpg 1 217 59 104 60
good/(1016).jpg 1 139 50 107 61
good/(1017).jpg 1 47 46 114 62
good/(1018).jpg 1 27 115 162 90
good/(1019).jpg 1 107 110 172 96
good/(1020).jpg 1 77 96 202 114
good/(1021).jpg 1 11 132 95 83
good/(1022).jpg 1 103 132 90 80
good/(1023).jpg 1 106 129 96 88
good/(1024).jpg 1 343 75 343 143
good/(1025).jpg 1 209 98 334 143
good/(1026).jpg 1 121 105 157 87
good/(1027).jpg 1 173 105 165 90
good/(1028).jpg 1 93 143 195 67
good/(1029).jpg 1 298 150 222 78
good/(1030).jpg 1 339 184 286 100
good/(1031).jpg 1 0 118 315 235
good/(1032).jpg 1 128 28 494 335
good/(1033).jpg 1 522 146 150 81
good/(1034).jpg 1 403 120 162 88
good/(1035).jpg 1 407 104 182 99
good/(1036).jpg 1 556 137 125 129
good/(1037).jpg 1 484 89 144 153
good/(1038).jpg 1 388 81 215 229
good/(1039).jpg 1 391 80 229 242
good/(1040).jpg 1 225 144 477 177
good/(1041).jpg 1 117 133 585 208
good/(1042).jpg 1 562 146 128 70
good/(1043).jpg 1 456 146 126 69
good/(1044).jpg 1 431 140 143 80
good/(1045).jpg 1 435 140 153 84
good/(1046).jpg 1 548 135 98 102
good/(1047).jpg 1 436 138 108 114
good/(1048).jpg 1 346 130 152 161
good/(1049).jpg 1 329 95 206 220
good/(1050).jpg 1 455 7 248 386
good/(1051).jpg 1 555 51 132 64
good/(1052).jpg 1 440 66 121 63
good/(1053).jpg 1 306 69 130 67
good/(1054).jpg 1 170 61 139 71
good/(1055).jpg 1 528 182 55 55
good/(1056).jpg 1 244 100 143 73
good/(1057).jpg 1 325 106 148 76
good/(1058).jpg 1 287 119 161 82
good/(1059).jpg 1 600 61 53 64
good/(1060).jpg 1 509 55 53 62
good/(1061).jpg 1 446 34 56 65
good/(1062).jpg 1 387 28 57 65
good/(1063).jpg 1 410 57 65 73
good/(1064).jpg 1 432 57 72 82
good/(1065).jpg 1 140 269 287 126
good/(1066).jpg 1 42 81 135 65
good/(1067).jpg 1 170 90 126 64
good/(1068).jpg 1 157 100 135 68
good/(1069).jpg 1 16 102 148 74
good/(1070).jpg 1 25 116 152 76
good/(1071).jpg 1 211 99 132 68
good/(1072).jpg 1 179 114 139 73
good/(1073).jpg 1 140 134 164 83
good/(1074).jpg 1 180 130 168 85
good/(1075).jpg 1 229 130 164 84
good/(1076).jpg 1 35 73 61 81
good/(1077).jpg 1 60 73 63 83
good/(1078).jpg 1 53 74 71 89
good/(1079).jpg 1 95 70 89 110
good/(1080).jpg 1 111 62 90 114
good/(1081).jpg 1 185 0 417 395
good/(1082).jpg 1 417 64 45 48
good/(1083).jpg 1 252 133 144 69
good/(1084).jpg 1 373 116 148 76
good/(1085).jpg 1 314 105 148 74
good/(1086).jpg 1 435 136 150 77
good/(1087).jpg 1 0 86 579 200
good/(1088).jpg 1 149 88 402 142
good/(1089).jpg 1 147 92 401 143
good/(1090).jpg 1 146 86 401 143
good/(1091).jpg 1 209 251 260 141
good/(1092).jpg 1 480 104 137 67
good/(1093).jpg 1 294 118 137 70
good/(1094).jpg 1 437 139 166 85
good/(1095).jpg 1 398 135 170 87
good/(1096).jpg 1 613 101 59 66
good/(1097).jpg 1 537 88 58 67
good/(1098).jpg 1 568 73 78 86
good/(1099).jpg 1 551 50 97 106
good/(1100).jpg 1 547 30 108 120
good/(1101).jpg 1 159 274 244 121
good/(1102).jpg 1 203 266 240 128
good/(1103).jpg 1 27 138 239 116
good/(1104).jpg 1 104 124 270 132
good/(1105).jpg 1 392 71 311 154
good/(1106).jpg 1 145 45 421 198
good/(1107).jpg 1 523 105 136 108
good/(1108).jpg 1 394 92 135 111
good/(1109).jpg 1 287 74 150 124
good/(1110).jpg 1 199 57 171 143
good/(1111).jpg 1 30 53 642 304
good/(1112).jpg 1 530 123 67 58
good/(1113).jpg 1 608 122 90 76
good/(1114).jpg 1 189 207 92 46
good/(1115).jpg 1 298 226 147 75
good/(1116).jpg 1 409 180 169 91
good/(1117).jpg 1 393 204 184 92
good/(1118).jpg 1 396 163 58 51
good/(1119).jpg 1 413 148 75 67
good/(1120).jpg 1 500 129 123 107
good/(1121).jpg 1 445 120 169 147
good/(1122).jpg 1 489 139 214 205
good/(1123).jpg 1 287 52 406 315
good/(1124).jpg 1 16 82 598 228
good/(1125).jpg 1 469 140 144 74
good/(1126).jpg 1 469 149 148 77
good/(1127).jpg 1 425 168 199 102
good/(1128).jpg 1 373 190 203 105
good/(1129).jpg 1 357 207 203 105
good/(1130).jpg 1 305 196 202 105
good/(1131).jpg 1 507 73 112 105
good/(1132).jpg 1 12 73 119 121
good/(1133).jpg 1 612 144 73 62
good/(1134).jpg 1 414 104 235 200
good/(1135).jpg 1 353 88 257 222
good/(1136).jpg 1 207 180 73 36
good/(1137).jpg 1 232 183 105 49
good/(1138).jpg 1 257 199 177 74
good/(1139).jpg 1 128 200 398 179
good/(1140).jpg 1 325 64 324 248
good/(1141).jpg 1 69 86 156 77
good/(1142).jpg 1 190 108 140 73
good/(1143).jpg 1 212 139 151 79
good/(1144).jpg 1 40 130 183 94
good/(1145).jpg 1 531 146 165 82
good/(1146).jpg 1 422 169 167 86
good/(1147).jpg 1 352 216 168 88
good/(1148).jpg 1 463 108 162 137
good/(1149).jpg 1 430 101 195 169
good/(1150).jpg 1 5 140 169 88
good/(1151).jpg 1 42 177 167 86
good/(1152).jpg 1 102 188 171 88
good/(1153).jpg 1 621 204 73 28
good/(1154).jpg 1 332 72 233 88
good/(1155).jpg 1 208 45 358 135
good/(647).jpg 1 593 168 110 88
good/(648).jpg 1 664 163 38 78
good/(649).jpg 1 592 153 111 87
good/(650).jpg 1 553 149 149 92
good/(651).jpg 1 436 144 190 101
good/(652).jpg 1 425 138 222 117
good/(653).jpg 1 455 137 247 131
good/(654).jpg 1 621 193 78 91
good/(655).jpg 1 567 188 79 95
good/(656).jpg 1 438 177 88 108
good/(657).jpg 1 368 174 95 120
good/(658).jpg 1 258 141 176 213
good/(659).jpg 1 261 122 193 232
good/(660).jpg 1 495 134 168 109
good/(661).jpg 1 351 131 162 108
good/(662).jpg 1 351 132 162 106
good/(663).jpg 1 580 160 117 135
good/(664).jpg 1 482 144 133 155
good/(665).jpg 1 395 117 155 179
good/(666).jpg 1 208 0 311 364
good/(667).jpg 1 12 20 329 379
good/(668).jpg 1 265 7 323 381
good/(669).jpg 1 473 151 130 86
good/(670).jpg 1 450 144 171 112
good/(671).jpg 1 383 121 181 118
good/(672).jpg 1 393 123 183 119
good/(673).jpg 1 538 136 83 98
good/(674).jpg 1 537 122 123 145
good/(675).jpg 1 389 63 192 225
good/(676).jpg 1 365 36 220 261
good/(677).jpg 1 74 130 174 87
good/(678).jpg 1 169 129 169 86
good/(679).jpg 1 187 126 169 87
good/(680).jpg 1 180 133 167 88
good/(681).jpg 1 32 197 107 133
good/(682).jpg 1 111 183 104 128
good/(683).jpg 1 207 157 116 143
good/(684).jpg 1 281 281 312 114
good/(685).jpg 1 253 209 276 186
good/(686).jpg 1 60 137 160 81
good/(687).jpg 1 114 133 163 82
good/(688).jpg 1 181 116 170 88
good/(689).jpg 1 185 112 187 93
good/(690).jpg 1 129 139 85 111
good/(691).jpg 1 143 99 130 161
good/(692).jpg 1 98 133 343 234
good/(693).jpg 1 549 183 149 88
good/(694).jpg 1 450 141 155 89
good/(695).jpg 1 424 119 188 108
good/(696).jpg 1 430 119 189 109
good/(697).jpg 1 435 118 190 109
good/(698).jpg 1 351 134 188 110
good/(699).jpg 1 204 251 291 137
good/(700).jpg 1 204 247 290 136
good/(701).jpg 1 207 241 291 138
good/(702).jpg 1 449 7 129 76
good/(703).jpg 1 316 91 149 87
good/(704).jpg 1 303 97 160 92
good/(705).jpg 1 248 185 44 22
good/(706).jpg 1 419 90 155 186
good/(707).jpg 1 195 90 146 59
good/(708).jpg 1 437 96 266 170
good/(709).jpg 1 376 102 314 173
good/(710).jpg 1 353 58 349 249
good/(711).jpg 1 0 76 47 97
good/(712).jpg 1 2 99 206 155
good/(713).jpg 1 106 110 211 161
good/(714).jpg 1 143 96 258 191
good/(715).jpg 1 498 231 27 26
good/(716).jpg 1 19 98 199 144
good/(717).jpg 1 123 111 195 143
good/(718).jpg 1 87 141 554 183
good/(719).jpg 1 106 143 447 145
good/(720).jpg 1 251 95 106 75
good/(721).jpg 1 347 95 155 110
good/(722).jpg 1 502 97 201 160
good/(723).jpg 1 301 79 245 177
good/(724).jpg 1 283 30 319 231
good/(725).jpg 1 329 10 327 234
good/(726).jpg 1 456 64 217 152
good/(727).jpg 1 267 172 71 48
good/(728).jpg 1 344 178 90 60
good/(729).jpg 1 387 174 104 69
good/(730).jpg 1 381 167 129 84
good/(731).jpg 1 331 130 192 130
good/(732).jpg 1 1 155 128 165
good/(733).jpg 1 5 122 185 187
good/(734).jpg 1 0 126 132 107
good/(735).jpg 1 31 118 164 123
good/(736).jpg 1 72 109 191 146
good/(737).jpg 1 119 82 240 185
good/(738).jpg 1 76 54 295 227
good/(739).jpg 1 0 61 324 277
good/(740).jpg 1 0 101 251 185
good/(741).jpg 1 61 129 533 177
good/(742).jpg 1 221 86 84 49
good/(743).jpg 1 215 89 100 56
good/(744).jpg 1 277 91 110 63
good/(745).jpg 1 373 82 132 75
good/(746).jpg 1 379 81 145 83
good/(747).jpg 1 345 62 72 74
good/(748).jpg 1 383 78 106 110
good/(749).jpg 1 394 83 140 141
good/(750).jpg 1 175 73 352 325
good/(751).jpg 1 438 97 108 55
good/(752).jpg 1 280 116 117 58
good/(753).jpg 1 264 120 117 59
good/(754).jpg 1 449 104 115 57
good/(755).jpg 1 396 117 116 57
good/(756).jpg 1 479 125 137 68
good/(757).jpg 1 503 145 200 110
good/(758).jpg 1 402 123 301 164
good/(759).jpg 1 286 126 350 169
good/(760).jpg 1 657 56 46 82
good/(761).jpg 1 628 68 75 85
good/(762).jpg 1 568 88 84 86
good/(763).jpg 1 530 105 90 93
good/(764).jpg 1 8 70 584 236
good/(765).jpg 1 2 87 179 94
good/(766).jpg 1 136 85 194 97
good/(767).jpg 1 170 73 238 112
good/(768).jpg 1 173 70 260 125
good/(769).jpg 1 10 119 87 92
good/(770).jpg 1 30 164 107 116
good/(771).jpg 1 85 110 106 115
good/(772).jpg 1 179 90 110 121
good/(773).jpg 1 464 74 173 85
good/(774).jpg 1 465 54 192 94
good/(775).jpg 1 571 41 132 97
good/(776).jpg 1 508 57 151 72
good/(777).jpg 1 540 67 162 89
good/(778).jpg 1 551 96 146 73
good/(779).jpg 1 429 77 183 92
good/(780).jpg 1 319 73 189 93
good/(781).jpg 1 440 48 126 48
good/(782).jpg 1 359 63 123 46
good/(783).jpg 1 323 74 125 45
good/(784).jpg 1 304 69 138 53
good/(785).jpg 1 556 103 105 111
good/(786).jpg 1 526 90 123 127
good/(787).jpg 1 0 119 141 72
good/(788).jpg 1 27 98 205 101
good/(789).jpg 1 110 82 245 117
good/(790).jpg 1 111 76 270 130
good/(791).jpg 1 113 67 303 148
good/(792).jpg 1 0 100 84 75
good/(793).jpg 1 19 80 132 140
good/(794).jpg 1 126 74 131 143
good/(795).jpg 1 168 49 154 170
good/(796).jpg 1 0 132 161 84
good/(797).jpg 1 110 128 183 87
good/(798).jpg 1 166 129 203 97
good/(799).jpg 1 47 184 113 119
good/(800).jpg 1 183 118 352 138
good/(801).jpg 1 0 0 330 297
good/(802).jpg 1 450 54 110 69
good/(803).jpg 1 522 54 103 65
good/(804).jpg 1 0 131 134 88
good/(805).jpg 1 0 128 143 92
good/(806).jpg 1 19 114 140 87
good/(807).jpg 1 116 112 146 92
good/(808).jpg 1 154 107 161 101
good/(809).jpg 1 130 91 193 122
good/(810).jpg 1 60 158 81 83
good/(811).jpg 1 43 154 88 89
good/(812).jpg 1 106 127 83 85
good/(813).jpg 1 162 125 81 84
good/(814).jpg 1 172 124 82 85
good/(815).jpg 1 574 117 115 71
good/(816).jpg 1 546 116 123 75
good/(817).jpg 1 381 118 207 127
good/(818).jpg 1 383 110 233 141
good/(819).jpg 1 597 126 92 96
good/(820).jpg 1 544 53 142 77
good/(821).jpg 1 462 71 151 81
good/(822).jpg 1 413 78 170 91
good/(823).jpg 1 476 250 197 67
good/(824).jpg 1 133 106 434 149
good/(825).jpg 1 127 109 435 150
good/(826).jpg 1 130 105 436 153
good/(827).jpg 1 149 234 387 155
good/(828).jpg 1 525 62 104 57
good/(829).jpg 1 424 61 101 56
good/(830).jpg 1 358 68 109 61
good/(831).jpg 1 338 84 138 76
good/(832).jpg 1 281 85 164 87
good/(833).jpg 1 557 66 99 101
good/(834).jpg 1 431 72 108 114
good/(835).jpg 1 189 213 438 183
good/(836).jpg 1 148 174 419 171
good/(837).jpg 1 0 122 145 82
good/(838).jpg 1 89 128 141 78
good/(839).jpg 1 144 137 148 81
good/(840).jpg 1 119 134 158 88
good/(841).jpg 1 222 266 358 133
good/(842).jpg 1 154 236 369 152
good/(843).jpg 1 137 99 359 121
good/(844).jpg 1 131 93 378 130
good/(845).jpg 1 99 135 562 189
good/(846).jpg 1 592 87 90 61
good/(847).jpg 1 523 103 90 60
good/(848).jpg 1 526 109 112 75
good/(849).jpg 1 554 105 141 94
good/(850).jpg 1 415 113 156 104
good/(852).jpg 1 584 91 92 99
good/(853).jpg 1 550 103 98 106
good/(854).jpg 1 449 126 119 130
good/(855).jpg 1 440 124 160 172
good/(856).jpg 1 349 166 177 96
good/(857).jpg 1 332 174 330 175
good/(858).jpg 1 528 4 86 59
good/(859).jpg 1 409 11 84 60
good/(860).jpg 1 498 82 125 84
good/(861).jpg 1 420 90 146 98
good/(862).jpg 1 393 67 195 132
good/(863).jpg 1 421 69 205 137
good/(864).jpg 1 481 58 211 72
good/(865).jpg 1 308 295 302 100
good/(866).jpg 1 204 229 322 136
good/(867).jpg 1 497 113 96 66
good/(868).jpg 1 452 124 100 69
good/(869).jpg 1 568 139 126 82
good/(870).jpg 1 9 137 127 83
good/(871).jpg 1 105 133 135 91
good/(872).jpg 1 129 113 186 123
good/(873).jpg 1 263 100 202 133
good/(874).jpg 1 309 103 348 122
good/(875).jpg 1 112 125 351 121
good/(876).jpg 1 0 30 393 313
good/(877).jpg 1 66 76 453 153
good/(878).jpg 1 433 108 105 73
good/(879).jpg 1 413 102 128 87
good/(880).jpg 1 490 53 109 75
good/(881).jpg 1 598 64 98 66
good/(882).jpg 1 0 144 120 90
good/(883).jpg 1 0 146 138 93
good/(884).jpg 1 47 153 161 107
good/(885).jpg 1 105 155 169 111
good/(886).jpg 1 123 69 88 46
good/(887).jpg 1 206 111 84 40
good/(888).jpg 1 256 201 88 38
good/(889).jpg 1 187 189 148 63
good/(890).jpg 1 71 169 190 82
good/(891).jpg 1 313 170 216 101
good/(892).jpg 1 326 0 377 334
good/(893).jpg 1 2 161 142 94
good/(894).jpg 1 109 167 142 94
good/(895).jpg 1 210 173 154 103
good/(896).jpg 1 161 169 186 123
good/(897).jpg 1 0 141 124 143
good/(898).jpg 1 87 125 141 150
good/(899).jpg 1 240 83 160 173
good/(900).jpg 1 284 15 419 342
good/(901).jpg 1 266 23 425 333
good/(902).jpg 1 116 87 492 177
good/(903).jpg 1 9 158 133 85
good/(904).jpg 1 109 169 138 91
good/(905).jpg 1 136 192 179 118
good/(906).jpg 1 394 58 103 53
good/(907).jpg 1 337 185 118 56
good/(908).jpg 1 243 97 122 52
good/(909).jpg 1 129 206 164 71
good/(910).jpg 1 281 113 267 93
good/(911).jpg 1 348 112 275 95
good/(912).jpg 1 0 45 692 238
good/(913).jpg 1 543 122 135 90
good/(914).jpg 1 424 124 126 84
good/(915).jpg 1 367 125 125 84
good/(916).jpg 1 380 122 131 88
good/(917).jpg 1 400 119 135 91
good/(918).jpg 1 204 250 382 145
good/(919).jpg 1 243 175 452 195
good/(920).jpg 1 395 86 180 88
good/(921).jpg 1 389 74 226 110
good/(922).jpg 1 295 69 267 128
good/(923).jpg 1 166 57 294 143
good/(924).jpg 1 579 86 121 97
good/(925).jpg 1 543 94 131 109
good/(926).jpg 1 469 104 167 137
good/(927).jpg 1 432 94 209 173
good/(928).jpg 1 292 2 119 41
good/(929).jpg 1 266 227 324 150
good/(930).jpg 1 222 227 312 143
good/(931).jpg 1 9 83 187 90
good/(932).jpg 1 77 79 204 101
good/(933).jpg 1 112 72 234 114
good/(934).jpg 1 107 63 263 131
good/(935).jpg 1 157 214 404 185
good/(936).jpg 1 164 208 398 188
good/(937).jpg 1 13 120 182 89
good/(938).jpg 1 87 120 195 95
good/(939).jpg 1 102 124 217 107
good/(940).jpg 1 0 86 209 104
good/(941).jpg 1 112 105 214 106
good/(942).jpg 1 201 125 222 111
good/(943).jpg 1 168 126 226 113
good/(944).jpg 1 80 128 223 112
good/(945).jpg 1 111 128 220 112
good/(946).jpg 1 124 119 242 121
good/(947).jpg 1 109 115 256 128
good/(948).jpg 1 49 140 106 85
good/(949).jpg 1 206 134 108 89
good/(950).jpg 1 218 131 113 94
good/(951).jpg 1 443 110 75 43
good/(952).jpg 1 513 111 77 44
good/(953).jpg 1 542 60 97 54
good/(954).jpg 1 445 82 101 58
good/(955).jpg 1 375 89 111 63
good/(956).jpg 1 334 94 119 67
good/(957).jpg 1 324 97 117 67
good/(958).jpg 1 285 72 188 106
good/(959).jpg 1 565 114 68 59
good/(960).jpg 1 447 106 76 69
good/(961).jpg 1 419 92 104 93
good/(962).jpg 1 435 65 128 115
good/(963).jpg 1 444 52 150 134
good/(964).jpg 1 513 37 190 174
good/(965).jpg 1 370 30 113 64
good/(966).jpg 1 289 54 112 63
good/(967).jpg 1 329 65 129 72
good/(968).jpg 1 305 70 162 90
good/(969).jpg 1 278 45 221 122
good/(970).jpg 1 263 40 247 139
good/(971).jpg 1 499 92 120 106
good/(972).jpg 1 483 68 154 136
good/(973).jpg 1 503 40 196 177
good/(974).jpg 1 473 23 230 208
good/(975).jpg 1 350 145 337 171
good/(976).jpg 1 319 144 339 176
good/(977).jpg 1 573 87 119 66
good/(978).jpg 1 565 107 138 77
good/(979).jpg 1 488 108 145 80
good/(980).jpg 1 387 103 170 95
good/(981).jpg 1 358 105 192 107
good/(982).jpg 1 383 105 193 107
good/(983).jpg 1 311 107 192 105
good/(984).jpg 1 533 121 95 83
good/(985).jpg 1 480 105 116 101
good/(986).jpg 1 440 97 122 109
good/(987).jpg 1 449 87 135 119
good/(988).jpg 1 495 82 141 123
good/(989).jpg 1 584 93 98 53
good/(990).jpg 1 21 119 131 72
good/(991).jpg 1 108 128 127 72
good/(992).jpg 1 155 131 133 74
good/(993).jpg 1 156 126 156 88
good/(994).jpg 1 125 121 180 100
good/(995).jpg 1 21 125 113 96
good/(996).jpg 1 90 130 130 112
good/(997).jpg 1 102 124 132 116
good/(998).jpg 1 132 128 127 111
good/(999).jpg 1 333 51 364 150
